59 1
0 3 17 18 19
1 1 17
1 1 18
1 2 16 19
1 3 12 15 20
1 2 15 21
1 2 12 22
1 2 14 23
1 3 12 14 24
1 3 11 13 25
1 2 13 26
0 3 9 17 26
0 5 4 6 8 21 23
0 2 9 10
0 3 7 8 22
0 2 4 5
0 2 3 18
1 3 0 1 11
1 3 0 2 16
1 2 0 3
1 1 4
1 2 5 12
1 2 6 14
1 2 7 12
1 1 8
1 1 9
1 2 10 11
1 3 38 31 51
1 3 35 32 53
1 3 36 33 55
1 3 37 34 57
1 3 27 35 52
1 3 28 36 54
1 3 29 37 56
1 3 30 38 58
0 2 28 31
0 2 29 32
0 2 30 33
0 2 27 34
1 3 48 43 57
1 3 49 44 55
1 3 50 45 53
1 3 47 46 51
1 3 39 47 58
1 3 40 48 56
1 3 41 49 54
1 3 42 50 52
0 2 42 43
0 2 39 44
0 2 40 45
0 2 41 46
0 2 27 42
0 2 31 46
0 2 28 41
0 2 32 45
0 2 29 40
0 2 33 44
0 2 30 39
0 2 34 43


[2, 17]
[17]
[0, 18]
[12, 19]
[15, 20]
[15, 21]
[12, 22]
[23]
[24]
[11, 25]
[14, 26]
[9, 17, 24, 26]
[3, 6, 20, 21]
[23, 24]
[10, 25]
[4, 5, 22, 23]
[18, 19]
[0, 1, 11, 51]
[2, 16]
[3, 16]
[4, 12]
[5, 12]
[6, 15]
[7, 13, 15]
[8, 11, 13]
[9, 14]
[10, 11]
[56, 37, 57]
[47, 38, 59]
[48, 39, 61]
[49, 40, 63]
[50, 41, 65]
[51, 42, 65]
[52, 43, 63]
[53, 44, 61]
[54, 45, 59]
[55, 46, 57]
[27, 47, 58]
[28, 48, 60]
[29, 49, 62]
[30, 50, 64]
[31, 51, 66]
[32, 52, 66]
[33, 53, 64]
[34, 54, 62]
[35, 55, 60]
[36, 56, 58]
[28, 37]
[29, 38]
[30, 39]
[31, 40]
[17, 32, 41]
[33, 42]
[34, 43]
[35, 44]
[36, 45]
[27, 46]
[27, 36]
[37, 46]
[28, 35]
[38, 45]
[29, 34]
[39, 44]
[30, 33]
[40, 43]
[31, 32]
[41, 42]



{0: [17, 18, 19], 1: [17], 2: [18], 3: [16, 19], 4: [12, 15, 20], 5: [15, 21], 6: [12, 22], 7: [14, 23], 8: [12, 14, 24], 9: [11, 13, 25], 10: [13, 26], 11: [9, 17, 26], 12: [4, 6, 8, 21, 23], 13: [9, 10], 14: [7, 8, 22], 15: [4, 5], 16: [3, 18], 17: [0, 1, 11], 18: [0, 2, 16], 19: [0, 3], 20: [4], 21: [5, 12], 22: [6, 14], 23: [7, 12], 24: [8], 25: [9], 26: [10, 11], 27: [31, 38, 51], 28: [32, 35, 53], 29: [33, 36, 55], 30: [34, 37, 57], 31: [27, 35, 52], 32: [28, 36, 54], 33: [29, 37, 56], 34: [30, 38, 58], 35: [28, 31], 36: [29, 32], 37: [30, 33], 38: [27, 34], 39: [43, 48, 57], 40: [44, 49, 55], 41: [45, 50, 53], 42: [46, 47, 51], 43: [39, 47, 58], 44: [40, 48, 56], 45: [41, 49, 54], 46: [42, 50, 52], 47: [42, 43], 48: [39, 44], 49: [40, 45], 50: [41, 46], 51: [27, 42], 52: [31, 46], 53: [28, 41], 54: [32, 45], 55: [29, 40], 56: [33, 44], 57: [30, 39], 58: [34, 43]}
{0: [17, 18, 19], 1: [17], 2: [18], 3: [16, 19], 4: [12, 15, 20], 5: [15, 21], 6: [12, 22], 7: [14, 23], 8: [12, 14, 24], 9: [11, 13, 25], 10: [13, 26], 11: [9, 17, 26], 12: [4, 6, 8, 21, 23], 13: [9, 10], 14: [7, 8, 22], 15: [4, 5], 16: [3, 18], 17: [0, 1, 11], 18: [0, 2, 16], 19: [0, 3], 20: [4], 21: [5, 12], 22: [6, 14], 23: [7, 12], 24: [8], 25: [9], 26: [10, 11], 27: [31, 38, 51], 28: [32, 35, 53], 29: [33, 36, 55], 30: [34, 37, 57], 31: [27, 35, 52], 32: [28, 36, 54], 33: [29, 37, 56], 34: [30, 38, 58], 35: [28, 31], 36: [29, 32], 37: [30, 33], 38: [27, 34], 39: [43, 48, 57], 40: [44, 49, 55], 41: [45, 50, 53], 42: [46, 47, 51], 43: [39, 47, 58], 44: [40, 48, 56], 45: [41, 49, 54], 46: [42, 50, 52], 47: [42, 43], 48: [39, 44], 49: [40, 45], 50: [41, 46], 51: [27, 42], 52: [31, 46], 53: [28, 41], 54: [32, 45], 55: [29, 40], 56: [33, 44], 57: [30, 39], 58: [34, 43]}
