59 0
0 3 17 18 19
1 1 17
1 1 18
1 2 16 19
1 3 12 15 20
1 2 15 21
1 2 12 22
1 2 14 23
1 3 12 14 24
1 3 11 13 25
1 2 13 26
0 3 9 17 26
0 5 4 6 8 21 23
0 2 9 10
0 3 7 8 22
0 2 4 5
0 2 3 18
1 3 0 1 11
1 3 0 2 16
1 2 0 3
1 1 4
1 2 5 12
1 2 6 14
1 2 7 12
1 1 8
1 1 9
1 2 10 11
1 3 50 35 51
1 3 43 36 53
1 3 44 37 55
1 3 45 38 57
1 3 46 39 57
1 3 47 40 55
1 3 48 41 53
1 3 49 42 51
1 3 27 43 52
1 3 28 44 54
1 3 29 45 56
1 3 30 46 58
1 3 31 47 58
1 3 32 48 56
1 3 33 49 54
1 3 34 50 52
0 2 28 35
0 2 29 36
0 2 30 37
0 2 31 38
0 2 32 39
0 2 33 40
0 2 34 41
0 2 27 42
0 2 27 34
0 2 35 42
0 2 28 33
0 2 36 41
0 2 29 32
0 2 37 40
0 2 30 31
0 2 38 39


[2, 17]
[17]
[0, 18]
[12, 19]
[15, 20]
[15, 21]
[12, 22]
[23]
[24]
[11, 25]
[14, 26]
[9, 17, 24, 26]
[3, 6, 20, 21]
[23, 24]
[10, 25]
[4, 5, 22, 23]
[18, 19]
[0, 1, 11]
[2, 16]
[3, 16]
[4, 12]
[5, 12]
[6, 15]
[7, 13, 15]
[8, 11, 13]
[9, 14]
[10, 11]
[56, 37, 57]
[47, 38, 59]
[48, 39, 61]
[49, 40, 63]
[50, 41, 65]
[51, 42, 65]
[52, 43, 63]
[53, 44, 61]
[54, 45, 59]
[55, 46, 57]
[27, 47, 58]
[28, 48, 60]
[29, 49, 62]
[30, 50, 64]
[31, 51, 66]
[32, 52, 66]
[33, 53, 64]
[34, 54, 62]
[35, 55, 60]
[36, 56, 58]
[28, 37]
[29, 38]
[30, 39]
[31, 40]
[32, 41]
[33, 42]
[34, 43]
[35, 44]
[36, 45]
[27, 46]
[27, 36]
[37, 46]
[28, 35]
[38, 45]
[29, 34]
[39, 44]
[30, 33]
[40, 43]
[31, 32]
[41, 42]
